Data imported
Iteration: 1, Max-change: 1.7718855716693941992900818149792030453682
Iteration: 2, Max-change: 0.2637015606618421936779839143127901479602
